NAME : single
TYPE : ATSP
DIMENSION : 51
EDGE_WEIGHT_TYPE : EXPLICIT
EDGE_WEIGHT_FORMAT : FULL_MATRIX
EDGE_WEIGHT_SECTION
0 887 821 812 746 917 711 854 806 596 685 650 759 708 703 600 679 596 571 593 482 223 725 423 592 689 739 787 723 423 736 705 718 707 696 731 591 544 765 709 670 471 335 433 301 468 311 313 363 376 178 
0 0 51 74 123 90 159 165 222 195 356 211 114 130 353 365 367 390 370 361 419 573 354 526 294 792 710 183 221 530 250 254 365 207 610 184 577 516 694 650 659 708 555 528 517 434 648 545 529 608 689 
0 51 0 27 71 93 109 152 194 144 349 159 74 132 302 344 357 320 338 339 386 546 343 466 194 664 612 171 186 493 212 280 441 222 558 145 465 508 580 542 526 632 505 445 493 377 537 515 506 547 629 
0 74 27 0 53 102 87 141 195 124 361 142 78 119 301 327 349 360 340 330 385 515 336 489 174 653 794 116 154 498 203 187 297 214 489 158 425 436 545 510 509 587 591 392 430 327 443 438 462 540 634 
0 123 71 53 0 146 45 166 212 79 322 184 87 163 259 284 294 324 296 280 339 444 328 408 162 574 552 107 142 371 175 189 266 191 452 114 391 403 503 460 447 563 530 397 373 286 443 373 402 478 559 
0 90 93 102 146 0 192 108 196 228 471 240 149 177 412 440 462 486 455 450 496 640 511 573 316 792 700 154 199 579 236 239 363 221 580 179 547 487 648 605 621 673 675 457 540 465 589 540 540 636 748 
0 159 109 87 45 192 0 158 149 38 361 191 95 171 296 365 330 392 354 363 360 425 359 366 170 507 466 110 125 356 183 197 221 184 394 107 346 372 457 412 411 498 399 329 358 313 373 355 339 460 530 
0 165 152 141 166 108 158 0 80 179 496 267 218 218 459 509 500 539 509 504 528 590 545 517 250 750 520 96 174 497 205 196 306 145 506 124 447 421 512 461 535 598 616 450 514 473 505 499 474 629 672 
0 222 194 195 212 196 149 80 0 156 519 277 233 191 458 481 474 510 497 475 525 489 540 434 199 522 559 84 129 434 204 218 214 163 355 86 312 347 414 375 374 524 507 362 448 462 440 454 385 606 601 
0 195 144 124 79 228 38 179 156 0 375 209 132 188 322 352 299 375 332 342 298 336 324 367 187 465 440 105 126 375 200 214 225 167 375 90 321 304 433 382 379 473 432 270 315 254 322 314 305 436 487 
0 356 349 361 322 471 361 496 519 375 0 286 308 366 54 106 125 103 111 108 201 440 160 469 357 775 824 522 388 551 579 485 569 500 702 492 667 638 805 733 693 673 545 471 403 214 376 352 470 374 477 
0 211 159 142 184 240 191 267 277 209 286 0 97 116 279 198 200 230 204 193 268 355 252 348 92 497 526 241 199 355 272 228 301 191 431 210 395 427 518 462 440 525 444 252 289 209 265 296 330 364 419 
0 114 74 78 87 149 95 218 233 132 308 97 0 75 233 272 304 282 288 269 308 449 349 460 185 635 581 163 158 434 215 201 342 170 543 202 448 431 564 526 510 572 530 386 404 312 471 354 429 498 566 
0 130 132 119 163 177 171 218 191 188 366 116 75 0 287 299 362 336 304 294 369 440 342 419 118 592 499 223 215 436 165 150 256 107 448 171 396 377 510 472 473 552 425 344 378 350 431 382 371 473 549 
0 353 302 301 259 412 296 459 458 322 54 279 233 287 0 63 77 74 79 111 165 398 201 546 355 742 772 469 455 523 572 531 564 509 686 484 642 558 774 712 672 627 545 431 358 169 329 306 481 361 439 
0 365 344 327 284 440 365 509 481 352 106 198 272 299 63 0 29 54 111 142 127 341 217 374 277 700 700 455 467 408 503 443 534 433 638 459 614 500 735 690 640 576 482 360 306 175 274 249 342 276 377 
0 367 357 349 294 462 330 500 474 299 125 200 304 362 77 29 0 50 106 137 122 336 221 431 314 654 727 397 427 411 516 422 525 441 648 380 597 500 726 682 635 599 496 358 300 170 264 240 330 296 403 
0 390 320 360 324 486 392 539 510 375 103 230 282 336 74 54 50 0 56 87 103 354 178 395 362 753 797 517 505 418 561 505 559 474 675 495 650 530 789 718 676 600 472 384 323 125 290 262 350 273 379 
0 370 338 340 296 455 354 509 497 332 111 204 288 304 79 111 106 56 0 31 90 333 121 372 295 682 758 468 409 404 488 458 658 423 643 409 656 503 725 663 632 582 446 373 331 106 270 243 338 265 366 
0 361 339 330 280 450 363 504 475 342 108 193 269 294 111 142 137 87 31 0 100 337 90 370 313 683 708 421 477 419 477 437 515 425 645 438 651 506 750 673 648 572 449 369 301 107 270 245 292 294 374 
0 419 386 385 339 496 360 528 525 298 201 268 308 369 165 127 122 103 90 100 0 255 139 311 370 672 675 460 462 300 557 478 612 452 629 466 606 491 711 665 520 549 381 311 233 53 197 167 237 175 276 
0 573 546 515 444 640 425 590 489 336 440 355 449 440 398 341 336 354 333 337 255 0 371 219 328 423 468 529 444 152 468 416 434 375 425 471 394 265 476 445 350 281 142 161 89 233 201 146 125 190 171 
0 354 343 336 328 511 359 545 540 324 160 252 349 342 201 217 221 178 121 90 139 371 0 583 347 705 819 420 456 545 540 468 539 428 661 404 637 579 746 685 656 614 525 401 331 138 340 275 534 341 444 
0 526 466 489 408 573 366 517 434 367 469 348 460 419 546 374 431 395 372 370 311 219 583 0 257 309 347 429 409 67 363 344 246 408 283 430 240 137 338 286 246 256 183 176 140 272 124 155 104 272 263 
0 294 194 174 162 316 170 250 199 187 357 92 185 118 355 277 314 362 295 313 370 328 347 257 0 516 482 224 216 262 157 119 213 114 356 172 316 272 442 380 346 372 346 217 259 209 255 249 224 403 434 
0 792 664 653 574 792 507 750 522 465 775 497 635 592 742 700 654 753 682 683 672 423 705 309 516 0 49 498 426 339 376 344 241 416 188 420 106 199 136 59 79 227 335 267 375 623 423 451 362 597 611 
0 710 612 794 552 700 466 520 559 440 824 526 581 499 772 700 727 797 758 708 675 468 819 347 482 49 0 580 461 321 381 360 235 405 139 435 107 213 86 44 70 259 376 283 386 671 431 536 455 650 610 
0 183 171 116 107 154 110 96 84 105 522 241 163 223 469 455 397 517 468 421 460 529 420 429 224 498 580 0 137 421 211 197 213 128 412 51 347 347 462 426 410 543 504 355 435 400 433 432 386 556 604 
0 221 186 154 142 199 125 174 129 126 388 199 158 215 455 467 427 505 409 477 462 444 456 409 216 426 461 137 0 387 203 189 240 121 326 92 281 362 451 405 390 439 441 273 416 407 426 407 370 554 568 
0 530 493 498 371 579 356 497 434 375 551 355 434 436 523 408 411 418 404 419 300 152 545 67 262 339 321 421 387 0 338 315 212 387 283 366 303 128 345 318 254 266 171 206 207 270 133 150 171 269 273 
0 250 212 203 175 236 183 205 204 200 579 272 215 165 572 503 516 561 488 477 557 468 540 363 157 376 381 211 203 338 0 42 125 82 298 159 263 296 356 273 269 462 469 371 385 410 396 422 327 569 560 
0 254 280 187 189 239 197 196 218 214 485 228 201 150 531 443 422 505 458 437 478 416 468 344 119 344 360 197 189 315 42 0 110 68 284 145 255 234 337 295 295 491 388 257 311 359 352 370 282 510 510 
0 365 441 297 266 363 221 306 214 225 569 301 342 256 564 534 525 559 658 515 612 434 539 246 213 241 235 213 240 212 125 110 0 157 152 180 208 196 238 217 207 310 308 202 327 417 369 395 297 541 497 
0 207 222 214 191 221 184 145 163 167 500 191 170 107 509 433 441 474 423 425 452 375 428 408 114 416 405 128 121 387 82 68 157 0 338 76 284 271 398 360 344 453 448 276 362 377 357 371 324 507 527 
0 610 558 489 452 580 394 506 355 375 702 431 543 448 686 638 648 675 643 645 629 425 661 283 356 188 139 412 326 283 298 284 152 338 0 380 122 167 82 146 156 243 302 231 335 553 418 461 402 531 549 
0 184 145 158 114 179 107 124 86 90 492 210 202 171 484 459 380 495 409 438 466 471 404 430 172 420 435 51 92 366 159 145 180 76 380 0 346 307 469 425 410 472 462 299 367 365 372 370 349 513 549 
0 577 465 425 391 547 346 447 312 321 667 395 448 396 642 614 597 650 656 651 606 394 637 240 316 106 107 347 281 303 263 255 208 284 122 346 0 119 120 64 52 226 284 198 306 536 373 395 323 502 466 
0 516 508 436 403 487 372 421 347 304 638 427 431 377 558 500 500 530 503 506 491 265 579 137 272 199 213 347 362 128 296 234 196 271 167 307 119 0 239 165 136 224 183 136 218 472 263 297 207 394 430 
0 694 580 545 503 648 457 512 414 433 805 518 564 510 774 735 726 789 725 750 711 476 746 338 442 136 86 462 451 345 356 337 238 398 82 469 120 239 0 94 103 364 406 341 410 702 455 483 470 605 656 
0 650 542 510 460 605 412 461 375 382 733 462 526 472 712 690 682 718 663 673 665 445 685 286 380 59 44 426 405 318 273 295 217 360 146 425 64 165 94 0 41 237 321 296 357 599 443 429 410 553 581 
0 659 526 509 447 621 411 535 374 379 693 440 510 473 672 640 635 676 632 648 520 350 656 246 346 79 70 410 390 254 269 295 207 344 156 410 52 136 103 41 0 198 275 217 319 580 393 433 329 568 528 
0 708 632 587 563 673 498 598 524 473 673 525 572 552 627 576 599 600 582 572 549 281 614 256 372 227 259 543 439 266 462 491 310 453 243 472 226 224 364 237 198 0 140 220 280 499 389 358 323 452 377 
0 555 505 591 530 675 399 616 507 432 545 444 530 425 545 482 496 472 446 449 381 142 525 183 346 335 376 504 441 171 469 388 308 448 302 462 284 183 406 321 275 140 0 136 155 390 236 230 206 313 238 
0 528 445 392 397 457 329 450 362 270 471 252 386 344 431 360 358 384 373 369 311 161 401 176 217 267 283 355 273 206 371 257 202 276 231 299 198 136 341 296 217 220 136 0 117 271 165 188 108 336 285 
0 517 493 430 373 540 358 514 448 315 403 289 404 378 358 306 300 323 331 301 233 89 331 140 259 375 386 435 416 207 385 311 327 362 335 367 306 218 410 357 319 280 155 117 0 200 112 79 50 196 180 
0 434 377 327 286 465 313 473 462 254 214 209 312 350 169 175 170 125 106 107 53 233 138 272 209 623 671 400 407 270 410 359 417 377 553 365 536 472 702 599 580 499 390 271 200 0 164 138 195 187 275 
0 648 537 443 443 589 373 505 440 322 376 265 471 431 329 274 264 290 270 270 197 201 340 124 255 423 431 433 426 133 396 352 369 357 418 372 373 263 455 443 393 389 236 165 112 164 0 55 76 166 185 
0 545 515 438 373 540 355 499 454 314 352 296 354 382 306 249 240 262 243 245 167 146 275 155 249 451 536 432 407 150 422 370 395 371 461 370 395 297 483 429 433 358 230 188 79 138 55 0 94 135 165 
0 529 506 462 402 540 339 474 385 305 470 330 429 371 481 342 330 350 338 292 237 125 534 104 224 362 455 386 370 171 327 282 297 324 402 349 323 207 470 410 329 323 206 108 50 195 76 94 0 227 254 
0 608 547 540 478 636 460 629 606 436 374 364 498 473 361 276 296 273 265 294 175 190 341 272 403 597 650 556 554 269 569 510 541 507 531 513 502 394 605 553 568 452 313 336 196 187 166 135 227 0 136 
0 689 629 634 559 748 530 672 601 487 477 419 566 549 439 377 403 379 366 374 276 171 444 263 434 611 610 604 568 273 560 510 497 527 549 549 466 430 656 581 528 377 238 285 180 275 185 165 254 136 0 
EOF